0.515 0.465 0.535
0.53 0.45 0.5325
0.526667 0.461667 0.538333
0.52875 0.475 0.54375
0.527 0.48 0.543
0.529167 0.4825 0.548333
0.522143 0.489286 0.553571
0.518125 0.499375 0.561875
0.521111 0.506111 0.565
0.5245 0.5125 0.573
0.527727 0.516818 0.577727
0.524583 0.519583 0.584583
0.526923 0.521154 0.590769
0.528571 0.5225 0.596429
0.530333 0.525667 0.600667
0.527188 0.529062 0.6025
0.527941 0.532059 0.605882
0.526944 0.536944 0.611944
0.528158 0.540789 0.617895
0.52875 0.54675 0.62025
0.529048 0.55 0.624286
0.527727 0.552955 0.627273
0.53 0.555652 0.63
0.53125 0.559167 0.633333
0.53 0.5628 0.6362
0.53 0.566923 0.639423
0.531667 0.567593 0.642222
0.534286 0.570536 0.643929
0.535 0.572414 0.645345
0.535 0.575 0.65
0.534194 0.578387 0.652258
0.533438 0.581875 0.654531
0.533333 0.585 0.656818
0.533382 0.588235 0.656912
0.534571 0.591571 0.659429
0.534583 0.595 0.663056
0.535135 0.599324 0.664865
0.535263 0.603553 0.666842
0.536026 0.605128 0.668846
0.535875 0.607625 0.669875
0.536463 0.610122 0.671707
0.537024 0.612143 0.672857
0.537558 0.615 0.674651
0.538409 0.6175 0.676591
0.539889 0.619444 0.678778
0.539674 0.621957 0.68
0.539043 0.625638 0.680638
0.539896 0.628437 0.681771
0.540408 0.63051 0.682449
0.5406 0.6319 0.6841
0.540686 0.63402 0.685882
0.541538 0.636154 0.686731
0.541038 0.638113 0.687547
0.542593 0.639907 0.689907
0.543636 0.641818 0.691182
0.544554 0.64375 0.691875
0.544649 0.645263 0.692719
0.543362 0.646724 0.693966
0.544576 0.64839 0.694322
0.544833 0.649833 0.695417
0.545246 0.651967 0.696557
0.545806 0.654113 0.697177
0.546032 0.655873 0.698095
0.54625 0.657734 0.699531
0.546462 0.659692 0.699923
0.546667 0.660985 0.700455
0.546642 0.662687 0.700597
0.547426 0.664559 0.701544
0.548768 0.665725 0.702319
0.548571 0.666714 0.703
0.549085 0.668169 0.703521
0.549306 0.669444 0.704306
0.549589 0.670685 0.705
0.549797 0.671892 0.705473
0.549733 0.673133 0.705867
0.550461 0.674474 0.706908
0.550649 0.67539 0.707662
0.55109 0.676026 0.708141
0.551519 0.677215 0.708354
0.552188 0.678312 0.70975
0.552963 0.679444 0.710679
0.552805 0.680549 0.711463
0.553614 0.681386 0.712108
0.554167 0.682381 0.713393
0.554529 0.683647 0.713118
0.555349 0.684419 0.713314
0.555977 0.685805 0.713966
0.55625 0.686705 0.714659
0.556966 0.68764 0.715562
0.557278 0.688444 0.716556
0.557253 0.689341 0.717088
0.557772 0.690217 0.718043
0.557849 0.691452 0.718978
0.558564 0.692872 0.718936
0.558737 0.693895 0.719
0.55875 0.695 0.719635
0.559485 0.69567 0.719691
0.560153 0.696684 0.72051
0.56 0.697475 0.72101
0.5601 0.698 0.7214
0.560644 0.698564 0.721832
0.561569 0.699167 0.722255
0.56233 0.699709 0.722573
0.562692 0.700433 0.722788
0.563143 0.701476 0.723048
0.563066 0.702264 0.723726
0.563271 0.703271 0.724112
0.563519 0.704444 0.724722
0.56344 0.705229 0.725092
0.563727 0.705591 0.726
0.563964 0.705946 0.726306
0.564286 0.706741 0.726741
0.565088 0.707389 0.727212
0.565526 0.708289 0.727807
0.565478 0.709304 0.728391
0.565862 0.710086 0.728836
0.566368 0.710385 0.729103
0.566398 0.711441 0.729068
0.566345 0.711765 0.729622
0.566542 0.712292 0.730417
0.566818 0.712893 0.730992
0.56709 0.713238 0.731189
0.567683 0.714268 0.731829
0.568266 0.715 0.73246
0.56824 0.71536 0.73264
0.569008 0.715833 0.733016
0.56937 0.716457 0.733701
0.569492 0.717305 0.734102
0.569961 0.717674 0.734264
0.570308 0.718154 0.734654
0.570534 0.718702 0.734924
0.571174 0.719318 0.734962
0.571579 0.720075 0.735376
0.571828 0.720522 0.735784
0.572296 0.721333 0.736
0.572537 0.722022 0.736507
0.573066 0.722555 0.736898
0.573551 0.723514 0.737355
0.573741 0.723849 0.737446
0.57425 0.7245 0.737536
0.574645 0.725426 0.73773
0.575141 0.726092 0.738099
0.575699 0.726329 0.738427
0.575868 0.727014 0.738472
0.576483 0.727552 0.738552
0.576986 0.728014 0.738664
0.577313 0.728878 0.739082
0.577432 0.729595 0.739291
0.578054 0.730436 0.739497
0.5786 0.731067 0.739733
0.579007 0.731556 0.740397
0.579178 0.732039 0.740329
0.579379 0.732288 0.74049
0.579578 0.733084 0.740584
0.579935 0.733613 0.740806
0.580064 0.734167 0.741346
0.580318 0.734841 0.741752
0.580665 0.735316 0.742025
0.581132 0.735786 0.741981
0.581281 0.736344 0.742312
0.581584 0.737081 0.742484
0.582068 0.737315 0.742932
0.582393 0.737577 0.743006
0.58247 0.737744 0.743049
0.582818 0.738152 0.743364
0.583133 0.738554 0.743795
0.583293 0.739162 0.743892
0.583929 0.739494 0.744494
0.584112 0.739882 0.744645
0.584471 0.740324 0.744941
0.584795 0.740702 0.744912
0.585203 0.740901 0.744971
0.585838 0.741474 0.745318
0.586322 0.741983 0.745144
0.586829 0.742343 0.745486
0.587244 0.742898 0.745767
0.587429 0.743362 0.746186
0.587809 0.743764 0.746096
0.588324 0.744358 0.746397
0.588667 0.745083 0.746583
0.589006 0.745718 0.747182
0.589286 0.746126 0.747363
0.589645 0.746366 0.747322
0.589864 0.746848 0.747527
0.590378 0.747324 0.747811
0.590511 0.747661 0.747903
0.590829 0.747968 0.748075
0.590984 0.748457 0.74859
0.591085 0.74873 0.74881
0.591395 0.749211 0.748947
0.59178 0.749738 0.74911
0.592083 0.75 0.749557
0.592358 0.750518 0.749689
0.592732 0.751031 0.749871
0.592974 0.75141 0.750103
0.59324 0.751633 0.750204
0.593731 0.752005 0.750457
0.59399 0.752146 0.750404
0.594347 0.752688 0.750678
0.5945 0.753225 0.75075
0.594751 0.753706 0.750896
0.59495 0.753985 0.751163
0.595049 0.754458 0.751478
0.59527 0.755123 0.751912
0.595415 0.755537 0.752024
0.595704 0.755825 0.752233
0.596014 0.756208 0.75256
0.596274 0.75649 0.75262
0.596675 0.756986 0.752703
0.596881 0.757381 0.752667
0.597393 0.757654 0.752678
0.597547 0.757948 0.752854
0.597981 0.758263 0.752887
0.598248 0.758551 0.75257
0.598581 0.75907 0.752581
0.598773 0.759537 0.752616
0.599078 0.759977 0.752788
0.599266 0.760161 0.752959
0.599361 0.760365 0.753265
0.599386 0.760795 0.7535
0.599751 0.761131 0.753937
0.60018 0.761486 0.754144
0.600628 0.762018 0.754507
0.60096 0.762411 0.754888
0.601267 0.762911 0.754867
0.601394 0.763252 0.754934
0.601806 0.763524 0.755066
0.601886 0.763991 0.755022
0.602183 0.764367 0.755
0.602391 0.764739 0.755174
0.602684 0.765238 0.755303
0.602909 0.765539 0.755431
0.603155 0.765751 0.755644
0.603462 0.766026 0.755791
0.603787 0.766511 0.755936
0.603962 0.766843 0.756123
0.604304 0.767089 0.756287
0.604349 0.767374 0.756261
0.604498 0.767657 0.756276
0.604667 0.76775 0.756417
0.605041 0.768154 0.756535
0.605145 0.768368 0.756632
0.605535 0.768951 0.756605
0.605758 0.769098 0.756598
0.606082 0.769469 0.756878
0.606423 0.769736 0.756931
0.60668 0.77002 0.756964
0.606875 0.770101 0.757056
0.607088 0.770281 0.757289
0.60718 0.77064 0.75742
0.607629 0.770976 0.757749
0.608095 0.771171 0.758016
0.608538 0.771344 0.7583
0.608898 0.771594 0.758543
0.609039 0.771824 0.758471
0.609336 0.772012 0.758457
0.609728 0.772374 0.758638
0.610174 0.772694 0.758837
0.610521 0.772896 0.759131
0.610827 0.773154 0.759115
0.611111 0.773467 0.759272
0.611298 0.773702 0.759351
0.611274 0.77403 0.759544
0.611402 0.774299 0.759621
0.611566 0.774679 0.759566
0.611711 0.774774 0.759586
0.61191 0.775131 0.75985
0.611996 0.775224 0.759795
0.61223 0.775483 0.759888
0.612481 0.775722 0.760074
0.612768 0.775996 0.760129
0.613015 0.776158 0.760239
0.613205 0.776465 0.76022
0.61354 0.776734 0.760219
0.613836 0.776873 0.760309
0.614094 0.777156 0.760435
0.61426 0.777292 0.760578
0.614604 0.777482 0.760773
0.614785 0.777849 0.760824
0.614911 0.778089 0.761089
0.615125 0.778238 0.761192
0.615408 0.778351 0.761365
0.615424 0.778675 0.761749
0.615827 0.778838 0.761849
0.616193 0.779018 0.76193
0.616451 0.779213 0.762045
0.61676 0.779338 0.76216
0.616927 0.779444 0.762222
0.61718 0.779654 0.762336
0.617345 0.779828 0.762517
0.617526 0.780017 0.762509
0.617997 0.780308 0.76262
0.618106 0.780444 0.76273
0.61835 0.780476 0.76284
0.618627 0.780695 0.762949
0.618801 0.780845 0.763024
0.619125 0.781145 0.763266
0.619279 0.781342 0.76344
0.619532 0.781538 0.763478
0.619667 0.781717 0.763683
0.619917 0.781827 0.763837
0.620215 0.782119 0.764007
0.620545 0.782343 0.764125
0.620674 0.782549 0.76426
0.620869 0.782541 0.764361
0.62116 0.78281 0.76433
0.62145 0.78316 0.764397
0.621672 0.783279 0.764464
0.622039 0.78343 0.764434
0.622258 0.78371 0.764565
0.622588 0.783987 0.764598
0.622644 0.784183 0.764696
0.623035 0.784265 0.76492
0.623217 0.784538 0.764873
0.623444 0.784714 0.764952
0.623655 0.784905 0.765016
0.623943 0.785126 0.764937
0.624088 0.785236 0.764921
0.624122 0.785298 0.765031
0.624266 0.785406 0.765078
0.624361 0.785576 0.765249
0.624767 0.785839 0.765404
0.624876 0.786037 0.765511
0.625201 0.786373 0.76571
0.625354 0.786585 0.765877
0.625598 0.786764 0.765997
0.62578 0.786896 0.765872
0.626006 0.787088 0.765991
0.626231 0.787325 0.766033
0.626394 0.787561 0.766106
0.626662 0.787734 0.766073
0.626747 0.787846 0.76616
0.626997 0.788078 0.766171
0.627216 0.788323 0.766228
0.627388 0.788418 0.766418
0.62747 0.788616 0.766473
0.627685 0.788828 0.766602
0.627796 0.789038 0.766598
0.627994 0.789322 0.766696
0.628176 0.789603 0.766779
0.628387 0.789912 0.766818
0.628582 0.790015 0.767032
0.628863 0.790204 0.766983
0.629012 0.790349 0.767151
0.629174 0.790449 0.767391
0.629234 0.790621 0.767399
0.629496 0.790821 0.767378
0.629828 0.791063 0.767543
0.630115 0.791289 0.767751
0.630314 0.791457 0.767771
0.630484 0.791624 0.767949
0.630724 0.79179 0.767969
0.631006 0.792054 0.767762
0.631144 0.792232 0.767726
0.631183 0.792423 0.767859
0.631376 0.792486 0.767935
0.631527 0.792633 0.767913
0.631606 0.792682 0.767933
0.631769 0.792702 0.768064
0.631972 0.792847 0.768042
0.632188 0.792909 0.768116
0.632293 0.79308 0.768025
0.632521 0.79332 0.768223
0.632734 0.79331 0.768338
0.632959 0.793452 0.76826
0.633279 0.793607 0.768279
0.633365 0.79361 0.768297
0.633546 0.793791 0.768274
0.633821 0.793943 0.76836
0.633959 0.794068 0.768554
0.634205 0.794205 0.768531
0.634368 0.794328 0.768696
0.634437 0.794491 0.768619
0.634559 0.794586 0.768703
0.634893 0.794747 0.7688
0.635133 0.79496 0.768777
0.635318 0.79508 0.768806
0.635542 0.795172 0.768836
0.635712 0.795172 0.768813
0.635868 0.795421 0.768947
0.63601 0.795459 0.769055
0.63623 0.795694 0.769097
0.636462 0.795783 0.769204
0.636654 0.795885 0.769167
0.637013 0.796052 0.769221
0.637202 0.796334 0.76921
0.637274 0.796654 0.769147
0.63741 0.79674 0.769046
0.637648 0.796799 0.769165
0.637846 0.79691 0.769179
0.638184 0.797033 0.769194
0.638342 0.797245 0.76926
0.638524 0.79743 0.769402
0.638566 0.797487 0.769581
0.638835 0.797633 0.769671
0.639091 0.79779 0.769508
0.63937 0.797935 0.769496
0.639812 0.798103 0.769472
0.64005 0.798308 0.769449
0.6402 0.7984 0.769575
0.640436 0.798479 0.769589
0.640647 0.79857 0.769652
0.640856 0.798672 0.769677
0.641064 0.798849 0.769691
0.641296 0.798963 0.769765
0.641576 0.799039 0.769729
0.641695 0.799201 0.769779
0.6419 0.799301 0.769828
0.64209 0.79945 0.769829
0.642354 0.799671 0.769841
0.642676 0.799757 0.769915
0.642998 0.799891 0.769988
0.643172 0.800073 0.769976
0.643273 0.800266 0.770085
0.643554 0.800434 0.77
0.643642 0.800565 0.77
0.643933 0.800671 0.769916
0.644187 0.800778 0.770036
0.644427 0.800967 0.770012
0.644548 0.801083 0.77
0.644834 0.801176 0.770036
0.644953 0.801327 0.770083
0.645225 0.801454 0.770047
0.645413 0.801509 0.770012
0.645741 0.801588 0.770106
0.64588 0.801725 0.770106
0.646171 0.801862 0.770164
0.646343 0.801986 0.770269
0.646562 0.802121 0.77028
0.646767 0.802105 0.770326
0.646937 0.802274 0.770429
0.647188 0.802361 0.770475
0.647356 0.802436 0.77052
0.647488 0.802477 0.770599
0.647793 0.802655 0.770529
0.648073 0.802833 0.770482
0.648295 0.802906 0.770492
0.64871 0.803116 0.770525
0.648872 0.803235 0.770444
0.649034 0.803341 0.770602
0.64932 0.803469 0.77068
0.649502 0.803563 0.77069
0.649684 0.803646 0.770779
0.650034 0.803604 0.770732
0.650303 0.80373 0.770854
0.650482 0.803901 0.77093
0.650716 0.804016 0.770917
0.65096 0.804074 0.770882
0.651258 0.804198 0.770869
0.651489 0.804333 0.770844
0.651763 0.804435 0.770876
0.651991 0.804513 0.770819
0.65223 0.804702 0.770828
0.652434 0.804692 0.770936
0.652593 0.804813 0.770901
0.652895 0.805011 0.771031
0.653118 0.805186 0.771149
0.653297 0.805349 0.771212
0.653464 0.805359 0.771231
0.653739 0.805446 0.771207
0.653959 0.805586 0.771204
0.654167 0.805725 0.77132
0.65433 0.805832 0.771263
0.654547 0.805862 0.771412
0.654806 0.805968 0.771333
0.655118 0.806062 0.771438
0.655375 0.806156 0.771478
0.655609 0.80625 0.771549
0.655949 0.806333 0.77161
0.656106 0.806511 0.771617
0.656274 0.806656 0.771709
0.656462 0.806737 0.771642
0.656765 0.806818 0.771755
0.656951 0.806899 0.771835
0.657168 0.806979 0.771811
0.657374 0.807101 0.771901
0.657442 0.807233 0.771929
0.65773 0.807322 0.771987
0.657933 0.807432 0.771962
0.65824 0.807531 0.772042
0.65841 0.807568 0.77211
0.658662 0.807749 0.772033
0.658778 0.807754 0.77206
0.658977 0.807769 0.77219
0.659258 0.807918 0.772258
0.659537 0.807963 0.772274
0.659723 0.807988 0.772238
0.659795 0.808115 0.772316
0.660031 0.808292 0.772331
0.660255 0.808398 0.772398
0.660356 0.808483 0.772464
0.660518 0.808648 0.772581
0.660639 0.808712 0.772576
0.660931 0.808775 0.77251
0.661192 0.808707 0.772596
0.661421 0.80881 0.772651
0.66162 0.808954 0.772767
0.661827 0.809106 0.772861
0.662064 0.809138 0.772896
0.66226 0.80923 0.77297
0.662515 0.809281 0.773044
0.662759 0.809402 0.773048
0.662942 0.809483 0.772982
0.663065 0.809544 0.773065
0.663198 0.809584 0.773099
0.66337 0.809634 0.773093
0.66359 0.809724 0.773245
0.66373 0.809783 0.773258
0.66388 0.809931 0.773183
0.664206 0.810088 0.773255
0.664335 0.810245 0.773346
0.66459 0.810283 0.77335
0.664795 0.8104 0.773353
0.664922 0.810457 0.773375
0.665126 0.810515 0.773398
0.665252 0.81062 0.773353
0.665551 0.810687 0.773404
0.665782 0.810763 0.773446
0.666079 0.810742 0.773468
0.666212 0.810779 0.773519
0.666363 0.810873 0.77356
0.666475 0.810833 0.773582
0.666606 0.81087 0.773566
0.666765 0.810935 0.77374
0.666981 0.81101 0.773705
0.66711 0.811093 0.773783
0.667334 0.811262 0.773843
0.6675 0.811392 0.773807
0.667703 0.811522 0.773677
0.667877 0.811594 0.773717
0.668089 0.811714 0.77371
0.668233 0.811776 0.773806
0.668443 0.811839 0.773884
0.668614 0.811948 0.773904
0.668813 0.812037 0.774
0.668993 0.812108 0.773983
0.669199 0.812253 0.773939
0.669349 0.812286 0.774024
0.669527 0.812365 0.774026
0.669759 0.812528 0.774046
0.669963 0.812625 0.774076
0.67024 0.812712 0.77405
0.670479 0.812781 0.774107
0.670708 0.812822 0.774136
0.670908 0.812835 0.77411
0.671081 0.812921 0.774093
0.67117 0.813053 0.77415
0.671378 0.813075 0.774151
0.671594 0.813033 0.774208
0.671782 0.813136 0.774282
0.671933 0.813185 0.774292
0.672056 0.813225 0.774303
0.672206 0.813309 0.774394
0.672437 0.813366 0.774486
0.672622 0.813495 0.774541
0.672788 0.813462 0.774568
0.672935 0.813546 0.774605
0.673217 0.813611 0.774624
0.673372 0.81373 0.774624
0.673473 0.813839 0.774652
0.673636 0.813886 0.774688
0.673835 0.813986 0.774724
0.674023 0.81397 0.774707
0.67414 0.813972 0.774796
0.67415 0.814053 0.77477
0.674399 0.814108 0.774876
0.674577 0.814136 0.774841
0.674762 0.814234 0.774859
0.674991 0.814323 0.774877
0.675228 0.814412 0.774904
0.675403 0.814483 0.774939
0.675629 0.814545 0.774904
0.675864 0.814651 0.774983
0.676071 0.814652 0.775052
0.676261 0.814696 0.775104
0.676493 0.814809 0.775043
0.676698 0.814827 0.775035
0.676869 0.814853 0.775026
0.677055 0.814853 0.774974
0.67725 0.814948 0.774991
0.677435 0.815052 0.775009
0.677586 0.815129 0.774991
0.677804 0.815206 0.775051
0.677928 0.815317 0.775111
0.678094 0.815419 0.775197
0.678259 0.815435 0.775196
0.678501 0.815503 0.775315
0.678673 0.815476 0.775332
0.678922 0.815552 0.775407
0.679076 0.815593 0.775458
0.679162 0.815694 0.775465
0.679367 0.815743 0.775473
0.679536 0.815826 0.775438
0.679672 0.815976 0.775488
0.679882 0.816017 0.775513
0.680059 0.816082 0.775529
0.680285 0.816131 0.775628
0.680435 0.816196 0.775719
0.680601 0.81621 0.775668
0.680758 0.816267 0.775683
0.68094 0.816364 0.775674
0.681105 0.816429 0.775739
0.681302 0.816468 0.775788
0.681349 0.816565 0.775778
0.68157 0.816661 0.775835
0.681766 0.816683 0.775825
0.681969 0.816779 0.775774
0.682105 0.816801 0.775789
0.682258 0.816888 0.775747
0.682533 0.816959 0.77577
0.682725 0.817029 0.775843
0.682884 0.817108 0.77585
0.682985 0.817227 0.775865
0.683217 0.817329 0.775985
0.68339 0.817382 0.775951
0.683604 0.817459 0.775998
0.683784 0.81752 0.77594
0.683892 0.817573 0.775955
0.684023 0.817698 0.775937
0.684194 0.81775 0.775903
0.684308 0.817794 0.77595
0.684405 0.817862 0.776005
0.684591 0.817945 0.776083
0.684792 0.818005 0.776146
0.684936 0.818088 0.776104
0.685152 0.818155 0.776118
0.685343 0.818198 0.776132
0.685502 0.818225 0.77621
0.685747 0.818275 0.77628
0.685944 0.81827 0.77623
0.686133 0.818336 0.776212
0.686266 0.818465 0.776242
0.686414 0.818499 0.77628
0.686585 0.818588 0.776278
0.68678 0.818614 0.776315
0.686942 0.818711 0.776344
0.687182 0.818807 0.776452
0.687359 0.818895 0.776489
0.687488 0.818897 0.776549
0.687719 0.818914 0.776586
0.687839 0.819009 0.77663
0.688061 0.819034 0.776628
0.688235 0.819114 0.776687
0.688455 0.819185 0.776677
0.688628 0.819233 0.776729
0.688785 0.819342 0.776796
0.688957 0.819382 0.776917
0.689105 0.819444 0.776921
0.689322 0.819507 0.776888
0.689546 0.819538 0.7769
0.689724 0.819601 0.776943
0.689862 0.819701 0.77694
0.690015 0.819717 0.776983
0.690168 0.819786 0.776988
0.690351 0.819885 0.776969
0.690511 0.81997 0.776982
0.690639 0.82 0.776963
0.69076 0.820038 0.776976
0.69091 0.820106 0.776927
0.69103 0.820174 0.776909
0.69118 0.820189 0.77702
0.691337 0.820272 0.777002
0.691448 0.820377 0.777044
0.691657 0.820459 0.777063
0.691812 0.820489 0.777075
0.692035 0.820571 0.777072
0.692211 0.820712 0.777076
0.69235 0.820734 0.777051
0.692564 0.820792 0.777018
0.692672 0.820896 0.77706
0.692846 0.820969 0.777049
0.693043 0.821049 0.776972
0.693202 0.821085 0.777013
0.693361 0.82112 0.777047
0.693444 0.821222 0.777163
0.693609 0.821257 0.777256
0.693715 0.821278 0.777267
0.693879 0.821298 0.777257
0.69408 0.821318 0.777312
0.694184 0.82139 0.777316
0.69431 0.821446 0.777349
0.694465 0.82143 0.777331
0.694634 0.821523 0.77724
0.694686 0.821608 0.777259
0.694818 0.821642 0.777292
0.695015 0.821713 0.777325
0.695116 0.821769 0.777344
0.695291 0.821817 0.777449
0.695472 0.821887 0.77746
0.69558 0.821978 0.777536
0.695731 0.821997 0.777598
0.695874 0.82211 0.777695
0.696039 0.822128 0.777684
0.696239 0.822183 0.777803
0.696417 0.822273 0.77782
0.696559 0.822371 0.777838
0.6967 0.822439 0.777884
0.696834 0.822486 0.777923
0.696967 0.822546 0.777969
0.697071 0.822629 0.777957
0.697268 0.822718 0.777967
0.697336 0.822742 0.77797
0.697468 0.822802 0.777994
0.697621 0.822862 0.777976
0.697766 0.822943 0.778014
0.697826 0.822989 0.778123
0.697984 0.823055 0.778112
0.69815 0.823093 0.778192
0.698272 0.823131 0.778286
0.698394 0.823183 0.778303
0.69853 0.823228 0.778354
0.698722 0.823265 0.778427
0.698906 0.823324 0.778436
0.699048 0.82341 0.778382
0.699154 0.823399 0.778371
0.699316 0.823429 0.778394
0.699477 0.823494 0.778291
0.699659 0.823558 0.778273
0.699708 0.823637 0.778352
0.699896 0.823694 0.778396
0.700007 0.823745 0.778377
0.70018 0.823816 0.7784
0.700284 0.823845 0.77843
0.700373 0.823895 0.778419
0.700545 0.823924 0.7784
0.700606 0.824036 0.77845
0.700736 0.824085 0.778473
0.700872 0.824107 0.778489
0.701001 0.824191 0.778525
0.701164 0.824205 0.778507
0.701306 0.824248 0.778536
0.701448 0.82429 0.778545
0.701658 0.824325 0.778561
0.701771 0.824366 0.778549
0.701878 0.824429 0.778565
0.702004 0.824538 0.778587
0.702117 0.8246 0.778664
0.702263 0.824641 0.778699
0.702375 0.824723 0.77862
0.702493 0.824777 0.778635
0.702611 0.824858 0.778603
0.702709 0.824912 0.778578
0.702813 0.824966 0.778567
0.702964 0.825034 0.778542
0.703087 0.825101 0.77855
0.703217 0.825101 0.778492
0.70336 0.825147 0.778541
0.703483 0.825174 0.778543
0.703665 0.82522 0.778525
0.703773 0.825207 0.778513
0.703888 0.825246 0.778542
0.703996 0.825332 0.778597
0.704137 0.825339 0.778625
0.704297 0.825371 0.77866
0.704437 0.82547 0.778649
0.704544 0.825503 0.778737
0.704736 0.825561 0.778752
0.704894 0.825574 0.778727
0.704974 0.82558 0.778762
0.705125 0.825625 0.778816
0.705296 0.825637 0.77883
0.70542 0.825669 0.778858
0.705537 0.825754 0.778801
0.705589 0.825825 0.778848
0.705706 0.82585 0.778889
0.705757 0.825901 0.778877
0.705913 0.825945 0.778911
0.706029 0.825944 0.778887
0.706131 0.825982 0.778914
0.70626 0.825994 0.778838
0.706342 0.826018 0.778891
0.706444 0.826049 0.778886
0.706578 0.826106 0.778991
0.70668 0.826098 0.779025
0.706787 0.826206 0.779032
0.706907 0.826231 0.779046
0.706988 0.826223 0.77908
0.70705 0.826298 0.77912
0.707163 0.826329 0.779172
0.707301 0.826391 0.779199
0.707401 0.82644 0.77927
0.707551 0.82649 0.779284
0.70765 0.826552 0.779355
0.707781 0.826588 0.779362
0.70793 0.826605 0.779382
0.708066 0.826641 0.77944
0.708215 0.826633 0.779447
0.708338 0.826662 0.779511
0.70846 0.826724 0.779474
0.708544 0.826797 0.779468
0.708692 0.826871 0.779475
0.708832 0.826932 0.779495
0.708966 0.826999 0.779483
0.709144 0.827072 0.779471
0.709302 0.827126 0.779491
0.709428 0.827198 0.779573
0.709536 0.827252 0.779611
0.70968 0.827287 0.779637
0.709756 0.827328 0.779625
0.709888 0.827394 0.779656
0.709975 0.827434 0.779707
0.710075 0.827475 0.779738
0.710162 0.827565 0.779738
0.710336 0.827587 0.779739
0.710484 0.827621 0.779696
0.710602 0.827599 0.779702
0.710737 0.827639 0.779709
0.710848 0.82771 0.779728
0.710995 0.827775 0.779697
0.711068 0.82787 0.779765
0.711159 0.827891 0.779772
0.711268 0.827876 0.779803
0.711396 0.827915 0.779736
0.711529 0.827961 0.779785
0.711632 0.828025 0.779791
0.711746 0.828082 0.779816
0.71183 0.828103 0.779816
0.711932 0.828136 0.779811
0.712094 0.828114 0.779853
0.712207 0.828189 0.77989
0.712284 0.82821 0.779921
0.712391 0.828273 0.779976
0.712479 0.828305 0.779976
0.712609 0.828301 0.779909
0.712715 0.828321 0.779891
0.71273 0.828372 0.779933
0.712799 0.82838 0.779927
0.712893 0.828382 0.779976
0.71301 0.828414 0.78003
0.713145 0.828446 0.78
0.713243 0.828472 0.779988
0.713353 0.828438 0.77994
0.713445 0.828487 0.779952
0.713573 0.828561 0.779964
0.713689 0.828557 0.779946
0.713858 0.828571 0.779934
0.713955 0.828644 0.779934
0.714069 0.828663 0.779911
0.714231 0.828683 0.779917
0.714363 0.828673 0.779911
0.714489 0.828674 0.779958
0.714632 0.828765 0.779899
0.714739 0.828772 0.779899
0.714876 0.828726 0.779929
0.714976 0.828781 0.779852
0.715071 0.828788 0.779864
0.715142 0.828819 0.779835
0.715195 0.828868 0.779864
0.715289 0.828887 0.77987
0.715394 0.828906 0.779947
0.715517 0.828954 0.780018
0.71564 0.829026 0.780029
0.715727 0.82908 0.780076
0.715861 0.829133 0.780041
0.715942 0.829193 0.780047
0.716016 0.829293 0.780018
0.716138 0.829312 0.780018
0.71627 0.829341 0.780035
0.716391 0.82936 0.780093
0.716541 0.829413 0.780029
0.716661 0.829413 0.78007
0.716821 0.82942 0.78018
0.716952 0.829467 0.780168
0.717095 0.829514 0.780139
0.717162 0.829451 0.78011
0.717258 0.829452 0.780121
0.717347 0.829475 0.780092
0.717471 0.829476 0.780115
0.717566 0.829494 0.780069
0.717672 0.829546 0.780115
0.717824 0.829564 0.780184
0.717982 0.829604 0.780149
0.718036 0.829633 0.780195
0.718158 0.829685 0.780235
0.718297 0.829771 0.780257
0.71843 0.829795 0.780257
0.718575 0.829835 0.780257
0.718673 0.829858 0.780285
0.718732 0.829869 0.78029
0.718795 0.829938 0.780284
0.718893 0.829966 0.780335
0.719031 0.829972 0.780391
0.719139 0.829977 0.780425
0.719236 0.829989 0.780368
0.71935 0.830045 0.780339
0.719441 0.830023 0.780367
0.7196 0.830073 0.780372
0.719696 0.83009 0.780343
0.719792 0.830107 0.78036
0.719899 0.830124 0.780371
0.720034 0.830168 0.78037
0.720174 0.830196 0.780392
0.720274 0.83023 0.780414
0.720369 0.830229 0.780481
0.720492 0.830268 0.780469
0.720614 0.830335 0.780491
0.720702 0.830385 0.780502
0.720807 0.830384 0.780546
0.720873 0.830428 0.780562
0.720994 0.830506 0.780556
0.72106 0.830538 0.780538
0.721186 0.830549 0.780543
0.721296 0.830587 0.780576
0.721438 0.830619 0.780542
0.721547 0.830707 0.78053
0.721645 0.830701 0.780519
0.72172 0.830739 0.780535
0.721845 0.830771 0.780573
0.722002 0.830759 0.780578
0.722159 0.830769 0.780582
0.7223 0.830818 0.780615
0.722434 0.830866 0.780598
0.722541 0.830887 0.780646
0.722637 0.830853 0.780613
0.722716 0.830885 0.780645
0.722844 0.830961 0.780666
0.722961 0.830976 0.780682
0.723066 0.830991 0.780692
0.723166 0.831045 0.780718
0.723266 0.831022 0.780723
0.723409 0.831064 0.780727
0.72352 0.831095 0.780727
0.72364 0.83117 0.780748
0.723712 0.831223 0.780752
0.723816 0.831249 0.780805
0.723963 0.831253 0.780794
0.724051 0.831311 0.780771
0.724186 0.831379 0.78076
0.7243 0.831405 0.780786
0.724376 0.831403 0.780844
0.724501 0.831466 0.780881
0.724624 0.831513 0.780874
0.724727 0.83157 0.78089
0.724834 0.831563 0.780851
0.724925 0.831599 0.780834
0.725032 0.831656 0.780849
0.725101 0.831713 0.780896
0.725224 0.831738 0.780874
0.725367 0.831763 0.780809
0.725484 0.831798 0.780824
0.725574 0.831812 0.780861
0.725717 0.831879 0.780855
0.725838 0.831861 0.78088
0.725969 0.83188 0.780911
0.726095 0.831889 0.780947
0.726242 0.831897 0.78092
0.726373 0.831911 0.780913
0.726514 0.831978 0.780939
0.72666 0.832023 0.780875
0.726742 0.832037 0.780911
0.726851 0.832066 0.780941
0.726943 0.832096 0.780951
0.727062 0.832146 0.780944
0.727201 0.832175 0.781001
0.727314 0.832173 0.781
0.727401 0.832171 0.780983
0.72755 0.83222 0.780961
0.727662 0.832265 0.780976
0.727742 0.832268 0.781027
0.727859 0.832271 0.78112
0.727981 0.83232 0.781124
0.728087 0.83237 0.781112
0.728172 0.832394 0.781127
0.728288 0.832433 0.781162
0.72843 0.832435 0.781088
0.728535 0.832469 0.781128
0.728681 0.832472 0.781179
0.728791 0.832474 0.781198
0.728885 0.832508 0.781197
0.729015 0.832521 0.781222
0.72914 0.832554 0.781226
0.729295 0.832557 0.781199
0.729388 0.832605 0.781213
0.729461 0.832608 0.781206
0.729559 0.832631 0.781164
0.729672 0.832633 0.781199
0.729826 0.832687 0.781187
0.729995 0.83272 0.781155
0.730117 0.832763 0.781175
0.730209 0.832806 0.781158
0.730291 0.832813 0.781142
0.730407 0.832862 0.781166
0.730534 0.832894 0.781139
0.73065 0.832866 0.781159
0.730741 0.832914 0.781162
0.730806 0.832931 0.781176
0.730892 0.832984 0.781206
0.731012 0.833021 0.781164
0.731148 0.833079 0.781178
0.731283 0.833116 0.781162
0.731413 0.833138 0.781181
0.731482 0.833165 0.781159
0.731621 0.833177 0.781213
0.73167 0.833189 0.781222
0.731804 0.833211 0.781236
0.731893 0.833268 0.781245
0.731981 0.83331 0.781284
0.732099 0.833372 0.781313
0.732232 0.833423 0.781286
0.732365 0.83346 0.78131
