0.505 0.51
0.5175 0.4875
0.515 0.48
0.515 0.4775
0.528 0.48
0.535833 0.491667
0.534286 0.498571
0.538125 0.503125
0.542778 0.507222
0.5485 0.511
0.548182 0.515
0.55125 0.52125
0.555769 0.526154
0.56 0.53
0.565667 0.534333
0.57 0.540312
0.574706 0.541471
0.578611 0.546111
0.582368 0.552105
0.5865 0.5575
0.59 0.559048
0.592045 0.561364
0.594783 0.564348
0.600208 0.566875
0.6026 0.5708
0.605962 0.575
0.610185 0.578704
0.613393 0.580536
0.614138 0.583103
0.618167 0.586833
0.620484 0.589355
0.623906 0.593125
0.624697 0.596818
0.626765 0.599118
0.630143 0.600857
0.631944 0.602917
0.63473 0.605
0.635658 0.607237
0.637692 0.608718
0.64 0.611125
0.641829 0.614512
0.644048 0.6175
0.644884 0.620465
0.646591 0.622045
0.648444 0.623556
0.65087 0.626739
0.652553 0.629681
0.654583 0.6325
0.656837 0.634592
0.659 0.6362
0.660784 0.636667
0.662788 0.637404
0.665377 0.638585
0.667222 0.641019
0.668909 0.643091
0.671518 0.644643
0.673947 0.646842
0.675776 0.648966
0.677288 0.650169
0.679167 0.651833
0.680902 0.653279
0.682339 0.654919
0.683968 0.656984
0.685469 0.659453
0.686923 0.661308
0.68803 0.662879
0.689925 0.664328
0.691103 0.665662
0.692319 0.667609
0.693857 0.669214
0.695282 0.670915
0.696806 0.672986
0.698014 0.674863
0.699189 0.676892
0.7 0.678533
0.700921 0.679868
0.701883 0.681753
0.703205 0.683205
0.70443 0.684747
0.70625 0.686125
0.707963 0.687654
0.709146 0.689451
0.710783 0.691325
0.712024 0.692679
0.713118 0.694412
0.714651 0.696105
0.715747 0.697529
0.717045 0.699034
0.717865 0.700674
0.719444 0.702167
0.720879 0.703571
0.722391 0.705109
0.72371 0.70672
0.72516 0.707979
0.726 0.709368
0.727031 0.710521
0.728144 0.712216
0.729031 0.714031
0.730202 0.715101
0.731 0.71635
0.732228 0.717376
0.733284 0.718676
0.734272 0.720097
0.735144 0.72149
0.736476 0.722571
0.737783 0.723915
0.739065 0.725374
0.739861 0.726528
0.740459 0.727798
0.741455 0.729227
0.742568 0.730586
0.74375 0.731875
0.744646 0.73292
0.745789 0.734211
0.746957 0.735174
0.748017 0.736379
0.749103 0.737436
0.749873 0.738475
0.751134 0.739622
0.751917 0.740375
0.752851 0.741405
0.75377 0.742336
0.754675 0.743333
0.755444 0.744556
0.75628 0.74588
0.757063 0.746825
0.758031 0.747913
0.758867 0.748828
0.759922 0.749845
0.760885 0.750885
0.761527 0.751794
0.762159 0.752689
0.763045 0.753722
0.764104 0.754776
0.765 0.755481
0.765882 0.756654
0.766752 0.757445
0.767428 0.758225
0.768381 0.759173
0.769107 0.760179
0.769716 0.761028
0.770387 0.762007
0.771014 0.763007
0.77191 0.764063
0.772517 0.764862
0.773219 0.765651
0.773639 0.766361
0.774426 0.767162
0.775034 0.76802
0.775433 0.768667
0.776026 0.769139
0.776743 0.770033
0.77719 0.77085
0.777825 0.771591
0.778516 0.772226
0.779167 0.773013
0.78 0.773885
0.780854 0.774684
0.781258 0.775566
0.782 0.77625
0.782547 0.77705
0.783241 0.777932
0.783926 0.778712
0.78436 0.779299
0.784818 0.780152
0.785602 0.780964
0.786228 0.781557
0.786845 0.782381
0.787337 0.783018
0.788029 0.783588
0.788538 0.784327
0.789128 0.785145
0.789798 0.785665
0.790316 0.786236
0.790971 0.786829
0.791648 0.7875
0.79226 0.788051
0.792809 0.788652
0.793464 0.789497
0.794139 0.789972
0.794807 0.79047
0.795467 0.791044
0.79612 0.791694
0.796793 0.792337
0.797405 0.793054
0.798091 0.793495
0.79869 0.794198
0.799229 0.794654
0.799815 0.795238
0.800395 0.795737
0.800995 0.796387
0.801615 0.796875
0.801943 0.797461
0.802371 0.797964
0.802641 0.798718
0.803189 0.799337
0.80368 0.799898
0.80404 0.800455
0.804573 0.801005
0.805025 0.80125
0.805398 0.801741
0.805693 0.802178
0.806305 0.802808
0.806789 0.803431
0.807122 0.803976
0.807549 0.804563
0.807899 0.805169
0.808149 0.805649
0.808636 0.806172
0.809024 0.806595
0.809479 0.807109
0.809835 0.807594
0.810211 0.808075
0.810514 0.808481
0.810977 0.80893
0.811296 0.809421
0.81182 0.81
0.812064 0.810482
0.812489 0.810822
0.813 0.811227
0.813281 0.811606
0.813739 0.812095
0.814126 0.812422
0.814665 0.812879
0.814978 0.8134
0.815398 0.813916
0.815639 0.814405
0.815965 0.814825
0.816266 0.815306
0.816652 0.815609
0.817013 0.816126
0.817392 0.816509
0.817554 0.816974
0.817863 0.817521
0.818255 0.817936
0.818708 0.818369
0.819093 0.81884
0.819349 0.819202
0.819728 0.819603
0.82 0.820083
0.820373 0.820436
0.820702 0.820909
0.820947 0.821337
0.82123 0.821701
0.821571 0.822122
0.821829 0.82248
0.822227 0.822814
0.822379 0.823286
0.822731 0.823675
0.8231 0.82396
0.823347 0.824303
0.823631 0.824683
0.823913 0.824941
0.824134 0.825394
0.82451 0.825667
0.824922 0.826113
0.825331 0.826518
0.825678 0.826783
0.826081 0.827124
0.826365 0.827462
0.826858 0.827778
0.827118 0.828206
0.82751 0.828536
0.827746 0.828883
0.828 0.829226
0.828271 0.829624
0.828633 0.829944
0.828955 0.83028
0.829238 0.830613
0.829463 0.830907
0.829779 0.831292
0.830037 0.831746
0.830293 0.832033
0.830529 0.832372
0.830818 0.832673
0.831087 0.833043
0.831372 0.833357
0.831673 0.833669
0.832025 0.833943
0.832286 0.834161
0.83258 0.834466
0.832819 0.834734
0.833163 0.835071
0.833451 0.835335
0.833754 0.835614
0.834021 0.835962
0.834355 0.836254
0.834566 0.836615
0.83474 0.836972
0.834983 0.83731
0.835206 0.837595
0.835479 0.837928
0.835768 0.838294
0.835901 0.838656
0.836136 0.839034
0.836267 0.839324
0.836498 0.839747
0.836762 0.84
0.836923 0.840301
0.8372 0.840583
0.837342 0.840797
0.837483 0.84106
0.837739 0.841337
0.837862 0.841628
0.838082 0.841918
0.838301 0.842271
0.838502 0.842557
0.838718 0.842841
0.838916 0.843139
0.839177 0.8435
0.839405 0.843778
0.839519 0.844103
0.839696 0.844393
0.839825 0.844618
0.840063 0.844921
0.840348 0.845253
0.840599 0.845521
0.840755 0.845833
0.841003 0.846082
0.841234 0.846359
0.841402 0.84662
0.841584 0.847019
0.841811 0.847322
0.842037 0.847577
0.8422 0.847938
0.842316 0.848298
0.842523 0.848486
0.842713 0.848704
0.842979 0.848936
0.843106 0.849227
0.843338 0.849517
0.843464 0.849759
0.843664 0.850015
0.843787 0.850254
0.84403 0.850463
0.844196 0.850729
0.844362 0.85089
0.844541 0.851213
0.844572 0.851549
0.844779 0.851824
0.844941 0.852126
0.845161 0.852354
0.845466 0.852697
0.845683 0.852936
0.845884 0.853275
0.846012 0.853512
0.846268 0.853761
0.846437 0.854023
0.846562 0.854284
0.846643 0.854457
0.846852 0.854715
0.847031 0.854929
0.847195 0.855241
0.847345 0.85541
0.847563 0.85569
0.847697 0.855899
0.847885 0.856204
0.848142 0.856508
0.848343 0.856713
0.848542 0.856972
0.848698 0.857271
0.848785 0.857569
0.848939 0.857851
0.849025 0.858049
0.849164 0.858329
0.849303 0.858566
0.849455 0.85876
0.849647 0.858967
0.849729 0.859133
0.849946 0.859338
0.850081 0.859528
0.850202 0.859758
0.850335 0.859973
0.850401 0.860227
0.850507 0.860373
0.850718 0.860585
0.850809 0.860769
0.850966 0.861045
0.851055 0.861253
0.851145 0.861434
0.851312 0.861654
0.851427 0.861832
0.851554 0.86205
0.851693 0.862266
0.851948 0.862429
0.852098 0.862642
0.852222 0.862868
0.852423 0.863093
0.852584 0.863316
0.852795 0.863551
0.852852 0.863734
0.852985 0.863941
0.853142 0.864084
0.853312 0.864226
0.853519 0.864342
0.853636 0.864596
0.853816 0.864849
0.85397 0.865013
0.854148 0.865226
0.854313 0.865412
0.854501 0.865611
0.854652 0.865759
0.854826 0.865968
0.85495 0.866114
0.855049 0.866321
0.855148 0.866552
0.855246 0.866781
0.855417 0.867059
0.855562 0.867225
0.855695 0.86739
0.855815 0.867579
0.855898 0.867779
0.856053 0.867966
0.856171 0.86814
0.856361 0.868301
0.856466 0.868474
0.856559 0.868633
0.856722 0.868768
0.856838 0.868926
0.857012 0.869107
0.857114 0.869359
0.857275 0.869526
0.857411 0.869728
0.857453 0.869847
0.857624 0.869976
0.857688 0.870117
0.857799 0.870269
0.857909 0.870432
0.85803 0.870629
0.858186 0.870791
0.858295 0.870882
0.858484 0.8711
0.858568 0.87127
0.858733 0.871429
0.858874 0.871586
0.858945 0.871755
0.859005 0.871934
0.85903 0.8721
0.859066 0.872312
0.859205 0.8725
0.85932 0.872653
0.859389 0.872771
0.859537 0.872901
0.859707 0.873074
0.85982 0.873281
0.859966 0.873475
0.860112 0.873613
0.86019 0.873739
0.860245 0.873853
0.860356 0.874044
0.86041 0.874224
0.860553 0.874414
0.860695 0.874581
0.860848 0.874747
0.861022 0.874901
0.861162 0.87511
0.861214 0.875317
0.861354 0.875491
0.861503 0.875632
0.861674 0.875783
0.861833 0.875911
0.862002 0.876115
0.862095 0.876253
0.862155 0.876347
0.862312 0.876495
0.862489 0.876631
0.862612 0.876799
0.862778 0.876902
0.86291 0.877047
0.863064 0.877277
0.863248 0.87741
0.863453 0.877595
0.863584 0.877727
0.863639 0.877806
0.863705 0.877979
0.863876 0.878172
0.863973 0.878302
0.864079 0.878452
0.864175 0.878559
0.864281 0.878677
0.864324 0.878825
0.86444 0.878963
0.864524 0.87911
0.864587 0.879287
0.864732 0.879423
0.864815 0.879547
0.864877 0.879682
0.864949 0.879816
0.865082 0.87998
0.865235 0.880153
0.865285 0.880255
0.865396 0.880366
0.865507 0.880548
0.865617 0.880658
0.865707 0.880737
0.865817 0.880786
0.865986 0.880845
0.866094 0.881024
0.866182 0.881132
0.8663 0.88129
0.866397 0.881387
0.866534 0.881514
0.86661 0.88162
0.866687 0.881736
0.866723 0.881871
0.866808 0.881996
0.866874 0.882091
0.867018 0.882146
0.867141 0.882289
0.867196 0.882353
0.86727 0.882485
0.867344 0.882578
0.867407 0.88271
0.867549 0.882753
0.867631 0.882913
0.867733 0.882984
0.867805 0.883095
0.867876 0.883234
0.867938 0.883343
0.868029 0.883433
0.868109 0.883484
0.868199 0.883621
0.868308 0.883748
0.868445 0.883807
0.868571 0.883886
0.868688 0.884011
0.868786 0.884146
0.868892 0.88429
0.869008 0.884452
0.869019 0.884575
0.869134 0.88468
0.86922 0.884737
0.869296 0.884869
0.869326 0.884897
0.869402 0.884981
0.869487 0.885093
0.869572 0.88514
0.869675 0.88527
0.869759 0.885445
0.86987 0.885574
0.869917 0.885712
0.869972 0.885867
0.870037 0.885994
0.87011 0.886131
0.870211 0.88622
0.870321 0.886319
0.870366 0.886435
0.870429 0.886542
0.870537 0.886648
0.870618 0.886755
0.870672 0.886887
0.870725 0.886993
0.870832 0.887116
0.87093 0.887265
0.870982 0.887351
0.871052 0.887446
0.871095 0.887487
0.871192 0.887563
0.871279 0.887674
0.871357 0.887777
0.871364 0.887897
0.871441 0.888016
0.871519 0.888108
0.871596 0.8882
0.871637 0.888283
0.87167 0.888419
0.871764 0.888492
0.871822 0.888556
0.871872 0.888664
0.871939 0.888763
0.872014 0.888853
0.87208 0.88896
0.872138 0.889023
0.872247 0.889094
0.872304 0.889183
0.87237 0.889288
0.872435 0.889359
0.872465 0.889438
0.872522 0.889525
0.872621 0.889647
0.872676 0.889716
0.872723 0.889837
0.872804 0.889871
0.872945 0.889949
0.873017 0.890077
0.87302 0.890162
0.873143 0.890239
0.87318 0.89034
0.87326 0.890416
0.873331 0.890492
0.873426 0.890592
0.873454 0.890667
0.87355 0.890742
0.873603 0.8908
0.873681 0.890866
0.87375 0.890982
0.873794 0.891064
0.873829 0.891145
0.873815 0.891244
0.873908 0.8913
0.873952 0.891389
0.874037 0.891453
0.874138 0.891534
0.874214 0.891631
0.874289 0.891711
0.874414 0.891766
0.874456 0.891853
0.874498 0.891949
0.874548 0.892061
0.874607 0.89218
0.874664 0.892283
0.87473 0.892402
0.874853 0.892488
0.874951 0.892557
0.874984 0.892634
0.875065 0.892768
0.875113 0.892861
0.875178 0.892937
0.875242 0.893005
0.875306 0.893081
0.875354 0.893132
0.875458 0.893191
0.875514 0.893283
0.875577 0.893381
0.875672 0.89344
0.875735 0.893514
0.875805 0.893596
0.875852 0.893654
0.875866 0.893744
0.875937 0.893786
0.87599 0.893811
0.87606 0.893884
0.876098 0.893973
0.876167 0.894069
0.876189 0.89415
0.876203 0.894237
0.876248 0.894239
0.876309 0.894318
0.876369 0.894374
0.876445 0.894484
0.876505 0.894555
0.876526 0.894603
0.876586 0.894673
0.876599 0.894744
0.876636 0.894798
0.876664 0.894868
0.876731 0.894938
0.876798 0.895
0.876895 0.895015
0.876938 0.895138
0.877012 0.895169
0.877055 0.895215
0.877136 0.895299
0.877187 0.89539
0.877267 0.895481
0.877248 0.895549
0.877321 0.895616
0.877348 0.895691
0.877428 0.895751
0.877477 0.895818
0.877526 0.8959
0.877583 0.895982
0.877624 0.895988
0.877628 0.896077
0.877662 0.896173
0.877665 0.896231
0.877714 0.896252
0.877717 0.89631
0.877735 0.896383
0.877799 0.89644
0.877779 0.896483
0.877879 0.896577
0.87789 0.896664
0.877908 0.896691
0.87797 0.89677
0.87807 0.896857
0.878117 0.896928
0.878119 0.896991
0.878152 0.897054
0.878176 0.89711
0.878253 0.897173
0.878299 0.897251
0.878367 0.897306
0.878406 0.89739
0.878438 0.897467
0.878528 0.897558
0.878574 0.897606
0.878626 0.897696
0.878621 0.897787
0.878652 0.897855
0.87869 0.897923
0.878728 0.89802
0.878788 0.898088
0.87884 0.898156
0.878878 0.898252
0.878901 0.898341
0.878931 0.898422
0.87899 0.898467
0.879049 0.898548
0.8791 0.898571
0.879165 0.898623
0.879217 0.898711
0.879317 0.898798
0.879375 0.898892
0.879433 0.898943
0.879497 0.89903
0.879554 0.899088
0.879619 0.899174
0.879697 0.899245
0.879704 0.899275
0.879754 0.899353
0.879796 0.899396
0.879776 0.899495
0.87979 0.899552
0.879832 0.899587
0.879881 0.899637
0.879944 0.8997
0.880007 0.899742
0.88007 0.899777
0.88009 0.899819
0.880125 0.899882
0.880125 0.89991
0.880152 0.899986
0.880214 0.900055
0.88029 0.900138
0.880351 0.900179
0.880406 0.900275
0.880488 0.900323
0.880535 0.900398
0.88061 0.900466
0.880657 0.900534
0.880656 0.900574
0.880696 0.900628
0.880715 0.90064
0.880769 0.900714
0.880808 0.900795
0.880875 0.900841
0.880935 0.900908
0.880968 0.900995
0.881007 0.901014
0.881059 0.901093
0.881146 0.901125
0.881231 0.901191
0.88131 0.901284
0.881342 0.901322
0.881374 0.901361
0.881426 0.901419
0.881451 0.901491
0.881489 0.901529
0.88152 0.90162
0.881598 0.901671
0.881609 0.901709
0.881647 0.90178
0.881704 0.901844
0.881722 0.901874
0.881759 0.901925
0.881836 0.901982
0.8819 0.902045
0.881983 0.902108
0.882026 0.902178
0.882122 0.902254
0.882165 0.902297
0.882228 0.902353
0.882284 0.902421
0.882301 0.90249
0.882363 0.902539
0.88236 0.902595
0.882389 0.902637
0.882445 0.902692
0.882494 0.902727
0.882542 0.902769
0.882584 0.902824
0.88262 0.902878
0.882629 0.902926
0.882671 0.902942
0.882706 0.903015
0.882683 0.903063
0.882712 0.903117
0.882741 0.903158
0.882763 0.903199
0.882785 0.903252
0.882813 0.903312
0.882791 0.903346
0.882787 0.90338
0.882828 0.90342
0.882831 0.903454
0.882846 0.903513
0.882881 0.903566
0.88289 0.90358
0.882892 0.903646
0.882914 0.903704
0.882936 0.903744
0.883001 0.903802
0.883029 0.903873
0.88305 0.903956
0.883053 0.904045
0.883074 0.904097
0.883108 0.904135
0.88316 0.904218
0.883213 0.904287
0.883258 0.904351
0.883261 0.904401
0.883269 0.904452
0.883308 0.904515
0.883348 0.904578
0.883381 0.904603
0.883401 0.904653
0.883434 0.904691
0.883461 0.904734
0.883506 0.904796
0.883539 0.904877
0.883553 0.904926
0.883542 0.905
0.883557 0.905025
0.883564 0.905067
0.883585 0.905092
0.883586 0.905171
0.883637 0.905232
0.883675 0.905269
0.883707 0.905323
0.883745 0.905365
0.883783 0.905395
0.883815 0.90545
0.883847 0.905504
0.883897 0.905564
0.883916 0.90563
0.883912 0.905695
0.883961 0.905767
0.883981 0.905838
0.884036 0.90588
0.884037 0.905927
0.884105 0.905998
0.884088 0.906062
0.884089 0.906157
0.884096 0.906234
0.884097 0.906274
0.884134 0.906326
0.884129 0.906372
0.884124 0.906454
0.884161 0.906542
0.884162 0.906581
0.884204 0.906657
0.884199 0.906714
0.884248 0.906801
0.884284 0.906846
0.884314 0.906921
0.884333 0.907001
0.884375 0.907064
0.884441 0.90712
0.884476 0.907147
0.884512 0.907209
0.884572 0.907265
0.884613 0.907304
0.884649 0.907377
0.884667 0.907439
0.884702 0.907506
0.884737 0.90755
0.884779 0.907582
0.884814 0.907643
0.884849 0.907715
0.88489 0.907764
0.88493 0.907819
0.884965 0.907816
0.884988 0.907847
0.885029 0.907902
0.885069 0.90795
0.885104 0.90797
0.88515 0.908024
0.885173 0.908061
0.88523 0.908132
0.885281 0.908169
0.885338 0.908217
0.885367 0.90827
0.885395 0.908324
0.885469 0.908354
0.885548 0.908373
0.885587 0.908421
0.885644 0.908428
0.885688 0.908458
0.885744 0.908511
0.88576 0.908564
0.885799 0.908651
0.885844 0.908709
0.885888 0.908727
0.885932 0.908791
0.885976 0.908809
0.886015 0.908856
0.886025 0.908857
0.886074 0.908915
0.886112 0.908927
0.886145 0.90899
0.8862 0.909025
0.886226 0.909082
0.886247 0.909155
0.886251 0.909235
0.886317 0.909297
0.886371 0.909331
0.886409 0.909376
0.886468 0.909383
0.886533 0.9094
0.886543 0.909451
0.886574 0.90949
0.886606 0.909535
0.886665 0.909591
0.886729 0.909624
0.886755 0.90968
0.886781 0.909702
0.886795 0.909747
0.886832 0.909835
0.88689 0.909874
0.886915 0.909918
0.886952 0.909956
0.886977 0.909984
0.887002 0.910011
0.887022 0.910049
0.887063 0.910093
0.887061 0.910131
0.887059 0.910153
0.887089 0.910201
0.887114 0.910228
0.887144 0.910282
0.887137 0.910325
0.887151 0.910352
0.887165 0.9104
0.887173 0.910465
0.887203 0.910491
0.887201 0.910534
0.887241 0.910593
0.887277 0.910624
0.887317 0.910672
0.887368 0.910747
0.887382 0.910794
0.887401 0.910852
0.887436 0.910889
0.887471 0.910909
0.887495 0.910951
0.887524 0.910982
0.887553 0.911002
0.887614 0.911017
0.88766 0.911048
0.887705 0.911095
0.887728 0.911152
0.887752 0.911204
0.88776 0.911229
0.887762 0.91127
0.887764 0.911305
0.88774 0.911352
0.887743 0.911403
0.88774 0.911454
0.887774 0.911489
0.887797 0.911535
0.887815 0.91157
0.887838 0.911621
0.887856 0.911646
0.887864 0.911675
0.887897 0.911715
0.887921 0.91175
0.887938 0.911795
0.887972 0.911809
0.887938 0.911828
0.88794 0.911857
0.887983 0.911887
0.888006 0.911911
0.888034 0.911961
0.888021 0.912
0.888043 0.91205
0.888066 0.912048
0.888073 0.912061
0.88807 0.912095
0.888098 0.912108
0.88811 0.912122
0.888153 0.91216
0.888176 0.912179
0.888172 0.912248
0.8882 0.912282
0.888233 0.91231
0.888219 0.912349
0.888211 0.912398
0.888248 0.912416
0.88826 0.912459
0.888287 0.912462
0.888289 0.912505
0.888332 0.912548
0.888343 0.912602
0.88835 0.912619
0.888342 0.912647
0.888369 0.91269
0.88836 0.912707
0.888367 0.91276
0.888389 0.912813
0.888406 0.912846
0.888412 0.912888
0.888434 0.91292
0.888466 0.912978
0.888487 0.913005
0.888514 0.913042
0.888526 0.913054
0.888552 0.913091
0.888584 0.913143
0.88863 0.913175
