0.51
0.5325
0.51
0.50875
0.509
0.5225
0.526429
0.52625
0.525556
0.53
0.531364
0.537917
0.546538
0.550357
0.554333
0.5575
0.558529
0.560833
0.562895
0.56675
0.56881
0.573182
0.575
0.575208
0.5766
0.580577
0.583704
0.587679
0.590172
0.593167
0.597742
0.600313
0.602424
0.605882
0.607571
0.611944
0.615135
0.616711
0.619231
0.62125
0.624756
0.627738
0.629884
0.632045
0.633333
0.635326
0.637553
0.639271
0.641122
0.643
0.644608
0.646442
0.648019
0.649074
0.651
0.652589
0.654386
0.6575
0.659407
0.660583
0.662623
0.66379
0.665476
0.667188
0.667923
0.669242
0.670597
0.672574
0.673551
0.674929
0.675986
0.676597
0.677945
0.679122
0.6806
0.682368
0.683312
0.684615
0.68557
0.687063
0.688272
0.68939
0.690241
0.691369
0.692235
0.693314
0.69431
0.695227
0.696348
0.697389
0.699066
0.700217
0.701452
0.702181
0.703105
0.704063
0.705052
0.706276
0.70697
0.70795
0.708416
0.709755
0.710825
0.711587
0.712381
0.713255
0.714439
0.715741
0.716514
0.717682
0.718333
0.719286
0.719336
0.720132
0.720478
0.720948
0.721453
0.722203
0.722941
0.723542
0.724174
0.725082
0.725854
0.726734
0.72756
0.728333
0.729331
0.73
0.730698
0.731192
0.731603
0.732652
0.733233
0.734067
0.734333
0.734816
0.735328
0.735833
0.736367
0.736964
0.737872
0.738592
0.739091
0.739375
0.739828
0.740548
0.74119
0.741824
0.742383
0.742967
0.743642
0.744079
0.744052
0.744675
0.744935
0.745609
0.746178
0.746424
0.746887
0.74725
0.747795
0.748395
0.748896
0.749055
0.749424
0.749789
0.750569
0.75122
0.751686
0.752029
0.752661
0.752994
0.753439
0.753736
0.7542
0.754659
0.754972
0.755506
0.755978
0.756306
0.756547
0.75717
0.757814
0.758125
0.758649
0.758817
0.759332
0.759734
0.76037
0.760921
0.761414
0.761771
0.76215
0.762655
0.763077
0.763597
0.763832
0.764268
0.764422
0.76475
0.765124
0.765569
0.766034
0.766446
0.766732
0.76699
0.767222
0.767404
0.767967
0.768381
0.76891
0.769198
0.769366
0.769626
0.769907
0.770069
0.770461
0.77078
0.771096
0.771409
0.771833
0.772072
0.772309
0.772746
0.773
0.773274
0.773546
0.773728
0.773908
0.774239
0.774545
0.774871
0.775107
0.775491
0.775894
0.776144
0.776519
0.776723
0.77705
0.777542
0.777884
0.778182
0.778313
0.778402
0.778633
0.778963
0.779251
0.779435
0.779578
0.77984
0.779841
0.780119
0.780237
0.78065
0.780922
0.781172
0.78142
0.781705
0.782085
0.782423
0.782682
0.782958
0.783194
0.783542
0.783849
0.78406
0.784195
0.784422
0.784684
0.784981
0.785055
0.785331
0.785586
0.785785
0.785927
0.786141
0.786282
0.786475
0.786828
0.787071
0.787242
0.787482
0.787756
0.787852
0.788018
0.788252
0.788519
0.788733
0.788927
0.789086
0.789244
0.789418
0.789642
0.789694
0.789864
0.790017
0.790067
0.790268
0.790334
0.7905
0.790731
0.791093
0.791304
0.791234
0.791377
0.791552
0.79184
0.791997
0.792249
0.79229
0.792508
0.792628
0.792875
0.793025
0.79327
0.793434
0.793596
0.793695
0.793871
0.793984
0.794315
0.794394
0.794598
0.794769
0.794969
0.795261
0.795505
0.795686
0.795836
0.79597
0.796057
0.79628
0.796652
0.796722
0.796985
0.797113
0.797329
0.797411
0.797581
0.797765
0.797933
0.798158
0.79828
0.798532
0.79871
0.798772
0.798862
0.799009
0.799241
0.799457
0.799487
0.799688
0.799788
0.8
0.800085
0.800295
0.800518
0.800656
0.80085
0.801028
0.801219
0.801312
0.801529
0.80158
0.801562
0.801735
0.801785
0.80197
0.802114
0.80227
0.802372
0.802473
0.802721
0.802834
0.802947
0.803138
0.803236
0.80336
0.803496
0.803566
0.80374
0.803822
0.804008
0.804154
0.804286
0.804378
0.804574
0.804742
0.804884
0.805013
0.805141
0.805293
0.80542
0.805444
0.805532
0.805631
0.805756
0.805879
0.80599
0.806037
0.806234
0.806368
0.806551
0.806609
0.80663
0.806749
0.80688
0.807206
0.807298
0.807341
0.807506
0.807633
0.807772
0.807899
0.80794
0.808089
0.808201
0.808349
0.808437
0.808476
0.808646
0.808732
0.80883
0.809009
0.809035
0.809167
0.809251
0.809299
0.809499
0.809605
0.80978
0.809826
0.81
0.810104
0.810218
0.810321
0.810343
0.810559
0.810672
0.810841
0.810873
0.810928
0.810993
0.81107
0.811112
0.811188
0.81132
0.811339
0.81147
0.811522
0.811641
0.811825
0.811832
0.811894
0.811989
0.812138
0.812232
0.812336
0.812397
0.812457
0.812614
0.812684
0.812765
0.812802
0.812882
0.813015
0.813105
0.813216
0.813262
0.813404
0.813439
0.813549
0.813626
0.813724
0.813842
0.813876
0.814057
0.814048
0.814144
0.81424
0.814335
0.814398
0.814462
0.814483
0.814546
0.81465
0.814723
0.814805
0.814888
0.814959
0.814969
0.81502
0.815183
0.815253
0.815384
0.815403
0.815463
0.815532
0.815581
0.81572
0.815788
0.815906
0.815994
0.816022
0.816109
0.816097
0.816154
0.81624
0.816424
0.81649
0.816575
0.81667
0.816803
0.8168
0.816825
0.81688
0.816925
0.816969
0.8171
0.817192
0.817274
0.817289
0.817352
0.817424
0.817486
0.817548
0.817571
0.817595
0.817684
0.817764
0.817844
0.81797
0.818049
0.818165
0.818271
0.818237
0.818305
0.818355
0.818367
0.818417
0.818558
0.818635
0.818711
0.818833
0.818844
0.818855
0.818876
0.818951
0.818998
0.819064
0.819183
0.819149
0.819268
0.81926
0.819405
0.819469
0.819551
0.819624
0.819651
0.81967
0.81975
0.819867
0.819831
0.819832
0.819876
0.819982
0.82
0.820141
0.820149
0.820175
0.820236
0.820315
0.820349
0.820366
0.820443
0.820547
0.820685
0.820692
0.820743
0.820828
0.820886
0.820936
0.820969
0.821062
0.821077
0.821084
0.82115
0.821216
0.821265
0.821297
0.821345
0.821503
0.821551
0.821625
0.821555
0.821619
0.821633
0.821714
0.821745
0.8218
0.821789
0.821869
0.821998
0.822136
0.822198
0.822236
0.822348
0.822442
0.822529
0.822615
0.822651
0.822639
0.822692
0.822744
0.822724
0.8228
0.822836
0.822921
0.822997
0.822968
0.823035
0.823151
0.82317
0.823261
0.823392
0.823411
0.823461
0.823503
0.82349
0.823563
0.823653
0.823639
0.823736
0.823754
0.82385
0.823947
0.823964
0.823942
0.82403
0.824086
0.824158
0.824299
0.824386
0.824503
0.82455
0.824636
0.824668
0.824745
0.824769
0.824808
0.824869
0.824916
0.825015
0.825107
0.82513
0.825137
0.82516
0.82516
0.825212
0.825303
0.825333
0.825438
0.825558
0.82564
0.825669
0.825758
0.82584
0.825891
0.825964
0.826067
0.826133
0.82622
0.826278
0.826328
0.826363
0.826383
0.826477
0.826527
0.826568
0.826699
0.826762
0.826818
0.826852
0.826908
0.826956
0.827004
0.827038
0.827093
0.82717
0.827225
0.827301
0.82737
0.827388
0.827478
0.827525
0.82755
0.827611
0.827636
0.827611
0.827636
0.827689
0.827721
0.827767
0.827791
0.827872
0.827946
0.827977
0.828016
0.828082
0.828127
0.82815
0.828181
0.828219
0.828277
0.828308
0.828338
0.828361
0.828447
0.828505
0.828569
0.828606
0.828684
0.828665
0.828702
0.828759
0.828795
0.828831
0.828887
0.828916
0.828918
0.828995
0.829133
0.829147
0.829169
0.829211
0.829273
0.829274
0.82935
0.829405
0.829466
0.829548
0.829609
0.829684
0.829704
0.829732
0.829786
0.829853
0.829846
0.829893
0.829927
0.830013
0.83006
0.83012
0.830153
0.830199
0.830265
0.830376
0.830475
0.83054
0.830586
0.830591
0.830558
0.830609
0.830674
0.830667
0.830725
0.830821
0.830898
0.830969
0.831013
0.831057
0.831127
0.831184
0.831253
0.831271
0.831334
0.83139
0.831433
0.831483
0.831519
0.831575
0.831605
0.831648
0.831716
0.831745
0.831775
0.831811
0.831789
0.831806
0.831861
0.831865
0.8319
0.831923
0.831996
0.832025
0.832079
0.832058
0.832099
0.832053
0.832062
0.832129
0.832219
0.83226
0.832307
0.832348
0.832438
0.832485
0.832556
0.832608
0.832562
0.832608
0.832623
0.832626
0.832629
0.832638
0.832659
0.83276
0.832775
0.83279
0.832787
0.83282
0.832877
0.832922
0.832949
0.833
0.833075
0.833108
0.83317
0.83316
0.833193
0.833237
0.833293
0.833319
0.833345
0.833365
0.833421
0.833429
0.833455
0.833498
0.833506
0.833585
0.833634
0.833642
0.833679
0.833692
0.833729
0.833743
0.833785
0.833822
0.833824
0.833848
0.833891
0.833933
0.833981
0.833988
0.834036
0.834067
0.834062
0.834104
0.834151
0.834164
0.834188
0.83427
0.8343
0.834295
0.834336
0.834394
0.834418
0.834476
0.834517
0.834529
0.834541
0.834548
0.834582
0.834634
0.834726
0.834766
0.834772
0.834755
0.834761
0.834847
0.834881
0.834943
0.834983
0.835011
0.835023
0.835056
0.835141
0.835163
0.835185
0.835208
0.835241
0.83528
0.835268
0.835335
0.835419
0.835457
0.835518
0.835556
0.835617
0.835671
0.835676
0.835709
0.835697
0.835785
0.835828
0.835865
0.835854
0.835886
0.835912
0.835917
0.835987
0.836035
0.836045
0.836098
0.836124
0.836091
0.8361
0.836094
0.836141
0.836129
0.836182
0.836186
0.836218
0.8362
0.836226
0.836268
0.836277
0.836243
0.836253
0.836321
0.836309
0.836345
0.836413
0.836417
0.836448
0.836473
0.836509
0.836555
0.836612
0.836663
0.836736
0.836739
0.836748
0.836746
0.836728
0.836753
0.836793
0.836823
0.836889
0.836935
0.836964
0.837009
0.837065
0.837052
0.83704
0.837095
0.837119
0.837164
0.837203
0.837253
0.837277
0.837279
0.837324
0.837352
0.837376
0.837404
0.837412
0.83743
0.837381
0.837425
0.837479
0.837487
0.837531
0.837497
0.83751
0.837528
0.837536
0.837574
0.837587
0.837645
0.837678
0.837681
0.837673
0.837731
0.837784
0.837786
0.837834
0.837877
0.837904
0.837957
0.837979
0.837996
0.838043
0.83809
0.838102
0.838144
0.838206
0.838168
0.838185
