1
0.5
0.333333
0.25
0.2
0.166667
0.142857
0.25
0.222222
0.3
0.272727
0.333333
0.384615
0.428571
0.466667
0.4375
0.411765
0.444444
0.473684
0.5
0.47619
0.5
0.478261
0.5
0.52
0.5
0.518519
0.5
0.482759
0.466667
0.483871
0.5
0.484848
0.5
0.485714
0.5
0.486486
0.473684
0.487179
0.5
0.487805
0.5
0.511628
0.522727
0.533333
0.543478
0.531915
0.520833
0.510204
0.52
0.529412
0.538462
0.54717
0.537037
0.527273
0.535714
0.526316
0.534483
0.542373
0.533333
0.540984
0.532258
0.52381
0.53125
0.538462
0.530303
0.522388
0.514706
0.507246
0.5
0.492958
0.486111
0.493151
0.5
0.506667
0.5
0.493506
0.487179
0.493671
0.5
0.506173
0.5
0.493976
0.488095
0.494118
0.488372
0.482759
0.477273
0.483146
0.488889
0.494505
0.48913
0.494624
0.5
0.505263
0.510417
0.505155
0.510204
0.515152
0.51
0.514851
0.509804
0.514563
0.519231
0.52381
0.518868
0.523364
0.527778
0.53211
0.536364
0.540541
0.535714
0.539823
0.535088
0.53913
0.534483
0.529915
0.533898
0.529412
0.525
0.528926
0.532787
0.536585
0.540323
0.544
0.539683
0.543307
0.546875
0.550388
0.553846
0.557252
0.560606
0.56391
0.567164
0.562963
0.558824
0.554745
0.550725
0.546763
0.55
0.553191
0.549296
0.545455
0.548611
0.551724
0.554795
0.557823
0.560811
0.563758
0.566667
0.569536
0.572368
0.575163
0.577922
0.580645
0.583333
0.585987
0.588608
0.591195
0.59375
0.596273
0.598765
0.601227
0.597561
0.593939
0.596386
0.598802
0.60119
0.60355
0.605882
0.608187
0.610465
0.612717
0.614943
0.611429
0.607955
0.610169
0.61236
0.614525
0.611111
0.61326
0.615385
0.617486
0.61413
0.616216
0.61828
0.620321
0.62234
0.624339
0.626316
0.628272
0.630208
0.632124
0.634021
0.635897
0.632653
0.634518
0.636364
0.638191
0.64
0.636816
0.638614
0.640394
0.642157
0.643902
0.645631
0.647343
0.649038
0.650718
0.652381
0.654028
0.65566
0.657277
0.654206
0.651163
0.648148
0.64977
0.651376
0.652968
0.65
0.651584
0.653153
0.654709
0.65625
0.657778
0.654867
0.651982
0.653509
0.650655
0.652174
0.649351
0.650862
0.652361
0.653846
0.655319
0.652542
0.654008
0.655462
0.656904
0.658333
0.659751
0.661157
0.658436
0.659836
0.661224
0.662602
0.659919
0.66129
0.662651
0.664
0.665339
0.666667
0.664032
0.665354
0.662745
0.664062
0.66537
0.666667
0.667954
0.669231
0.666667
0.664122
0.665399
0.662879
0.664151
0.665414
0.666667
0.664179
0.665428
0.662963
0.660517
0.658088
0.655678
0.656934
0.658182
0.65942
0.65704
0.654676
0.655914
0.657143
0.658363
0.659574
0.660777
0.661972
0.663158
0.664336
0.665505
0.666667
0.66782
0.668966
0.670103
0.671233
0.672355
0.673469
0.674576
0.675676
0.676768
0.677852
0.67893
0.68
0.681063
0.682119
0.683168
0.684211
0.685246
0.686275
0.684039
0.685065
0.682848
0.683871
0.684887
0.685897
0.686901
0.687898
0.688889
0.689873
0.687697
0.688679
0.689655
0.690625
0.691589
0.692547
0.693498
0.694444
0.695385
0.696319
0.697248
0.698171
0.696049
0.69697
0.697885
0.698795
0.6997
0.697605
0.695522
0.696429
0.697329
0.698225
0.699115
0.7
0.70088
0.701754
0.699708
0.700581
0.701449
0.702312
0.70317
0.704023
0.702006
0.7
0.700855
0.701705
0.70255
0.70339
0.704225
0.705056
0.703081
0.703911
0.704735
0.705556
0.706371
0.707182
0.705234
0.706044
0.706849
0.70765
0.708447
0.709239
0.707317
0.705405
0.703504
0.704301
0.702413
0.703209
0.704
0.704787
0.70557
0.706349
0.707124
0.707895
0.708661
0.706806
0.707572
0.708333
0.709091
0.707254
0.70801
0.708763
0.709512
0.710256
0.710997
0.711735
0.712468
0.71066
0.711392
0.712121
0.712846
0.711055
0.711779
0.7125
0.713217
0.71393
0.71464
0.715347
0.716049
0.716749
0.714988
0.715686
0.716381
0.717073
0.717762
0.716019
0.716707
0.714976
0.715663
0.716346
0.717026
0.715311
0.713604
0.714286
0.714964
0.71564
0.713948
0.714623
0.715294
0.715962
0.716628
0.71729
0.717949
0.718605
0.719258
0.717593
0.718245
0.718894
0.71954
0.720183
0.718535
0.719178
0.719818
0.720455
0.721088
0.721719
0.722348
0.722973
0.723596
0.724215
0.724832
0.725446
0.726058
0.726667
0.727273
0.725664
0.726269
0.72467
0.725275
0.723684
0.724289
0.724891
0.72549
0.723913
0.724512
0.725108
0.725702
0.726293
0.726882
0.727468
0.728051
0.726496
0.727079
0.72766
0.728238
0.728814
0.729387
0.729958
0.730526
0.731092
0.731656
0.732218
0.732777
0.733333
0.733888
0.73444
0.73499
0.733471
0.734021
0.734568
0.735113
0.735656
0.736196
0.736735
0.737271
0.737805
0.738337
0.736842
0.737374
0.737903
0.738431
0.738956
0.737475
0.738
0.738523
0.739044
0.739563
0.740079
0.740594
0.741107
0.741617
0.742126
0.742633
0.743137
0.74364
0.744141
0.744639
0.743191
0.741748
0.742248
0.742747
0.741313
0.741811
0.742308
0.742802
0.743295
0.741874
0.740458
0.739048
0.739544
0.73814
0.738636
0.73913
0.737736
0.73823
0.738722
0.737336
0.737828
0.736449
0.735075
0.735568
0.736059
0.736549
0.737037
0.737523
0.738007
0.736648
0.737132
0.737615
0.736264
0.734918
0.735401
0.735883
0.736364
0.736842
0.737319
0.737794
0.738267
0.738739
0.739209
0.739677
0.740143
0.738819
0.7375
0.737968
0.738434
0.737123
0.737589
0.738053
0.738516
0.738977
0.739437
0.739895
0.740351
0.739054
0.73951
0.739965
0.740418
0.74087
0.741319
0.741768
0.742215
0.74266
0.743103
0.743546
0.743986
0.744425
0.744863
0.74359
0.744027
0.744463
0.744898
0.743633
0.744068
0.744501
0.744932
0.745363
0.745791
0.746218
0.746644
0.747069
0.747492
0.747913
0.748333
0.748752
0.749169
0.749585
0.75
0.750413
0.750825
0.751236
0.751645
0.752053
0.75082
0.749591
0.748366
0.748777
0.749186
0.749593
0.75
0.750405
0.750809
0.749596
0.75
0.748792
0.749196
0.749599
0.75
0.7504
0.750799
0.751196
0.751592
0.751987
0.750794
0.751189
0.751582
0.751975
0.752366
0.752756
0.751572
0.750392
0.750784
0.749609
0.75
0.75039
0.750779
0.751166
0.75
0.750388
0.750774
0.751159
0.751543
0.751926
0.752308
0.752688
0.753067
0.753446
0.753823
0.752672
0.751524
0.751903
0.75228
0.752656
0.75303
0.753404
0.753776
0.754148
0.754518
0.754887
0.755255
0.754123
0.754491
0.754858
0.755224
0.755589
0.755952
0.754829
0.755193
0.754074
0.754438
0.754801
0.753687
0.75405
0.754412
0.753304
0.753666
0.754026
0.752924
0.753285
0.753644
0.754003
0.75436
0.754717
0.755072
0.755427
0.754335
0.75469
0.755043
0.753957
0.75431
0.754663
0.755014
0.755365
0.754286
0.75321
0.753561
0.753912
0.752841
0.751773
0.752125
0.752475
0.752825
0.753173
0.753521
0.753868
0.754213
0.754558
0.754902
0.755245
0.755587
0.755927
0.756267
0.756606
0.756944
0.757282
0.756233
0.755187
0.755525
0.755862
0.756198
0.756534
0.755495
0.75583
0.754795
0.75513
0.755464
0.755798
0.756131
0.756463
0.756793
0.755767
0.756098
0.756428
0.755405
0.754386
0.754717
0.755047
0.755376
0.755705
0.756032
0.756359
0.755348
0.754339
0.754667
0.754993
0.753989
0.754316
0.754642
0.753642
0.753968
0.754293
0.754617
0.754941
0.755263
0.755585
0.755906
0.756225
0.756545
0.756863
0.75718
0.757497
0.757812
0.758127
0.758442
0.758755
0.759067
0.759379
0.758398
0.75871
0.759021
0.759331
0.75964
0.759949
0.760256
0.760563
0.76087
0.761175
0.76148
0.761783
0.762087
0.761118
0.761421
0.760456
0.760759
0.761062
0.761364
0.760404
0.760705
0.761006
0.761307
0.760351
0.760652
0.7597
0.76
0.759051
0.759352
0.759651
0.75995
0.760248
0.759305
0.759603
0.758663
0.758962
0.759259
0.758323
0.758621
0.758918
0.759214
0.759509
0.759804
0.760098
0.760391
0.760684
0.760976
0.761267
0.761557
0.761847
0.762136
0.761212
0.761501
0.76179
0.762077
0.762364
0.762651
0.762936
0.763221
0.762305
0.76259
0.762874
0.763158
0.763441
0.763723
0.762813
0.761905
0.762188
0.76247
0.762752
0.763033
0.763314
0.763593
0.763872
0.762972
0.763251
0.762353
0.762632
0.762911
0.762016
0.762295
0.762573
0.76285
0.763127
0.763403
0.763679
0.762791
0.761905
0.762181
0.761298
0.761574
0.76185
0.762125
0.762399
0.762673
0.762946
0.762069
0.762342
0.762615
0.762887
0.762014
0.762286
0.762557
0.761688
0.761959
0.76223
0.7625
0.76277
0.763039
0.763307
0.763575
0.762712
0.76298
0.763247
0.763514
0.762655
0.762921
0.763187
0.763453
0.763718
0.763982
0.764246
0.764509
0.764771
0.765033
0.765295
0.765556
0.765816
0.764967
0.765227
0.765487
0.765746
0.766004
0.76516
0.765419
0.764576
0.764835
0.765093
0.765351
0.765608
0.765864
0.76612
0.766376
0.76663
0.766885
0.767138
0.767391
0.767644
0.767896
0.768147
0.768398
0.767568
0.767819
0.768069
0.768319
0.768568
0.767742
0.767991
0.767167
0.767417
0.767666
0.767914
0.768162
0.76841
0.767591
0.767838
0.768085
0.768332
0.768577
0.767762
0.768008
0.768254
0.768499
0.768743
0.768987
0.769231
0.769474
0.769716
0.769958
0.770199
0.77044
0.769634
0.768828
0.76907
0.769311
0.769552
0.769792
0.770031
0.769231
0.768432
0.768672
0.768912
0.769151
0.76939
0.768595
0.767802
0.768041
0.76828
0.768519
0.768756
0.768994
0.769231
0.769467
0.769703
0.769939
0.770174
0.770408
0.770642
0.770876
0.771109
0.771341
0.771574
0.771805
0.772036
0.772267
0.771486
0.771717
0.771948
0.772177
0.772407
0.772636
0.772864
0.773092
0.77332
0.773547
0.773774
0.774
